BONUS(1400, 400, 3)

MUSIC(streetFighter.ogg)
BACKGROUND(clouds.jpg)

WAVE(0)

BASIC_ENEMY(1500.7,200.5,-200.0,0.0,500)
BASIC_ENEMY(1500.1,100.7, -50.0, 0.0, 500)
BASIC_ENEMY(2001.4,200.4, -200.0, 10.0, 500)
BASIC_ENEMY(3332.4,400.4, -200.0, -50.0, 500)
BASIC_ENEMY(2905.4,500.2, -200.0, 0.0, 500)
BASIC_ENEMY(1400.0,325, -200.0, -10.0, 500)
BASIC_ENEMY(1400.0,476, -200.0, 20.0, 500)
BASIC_ENEMY(4100.0,432, -200.0, 0.0, 500)
BASIC_ENEMY(2058.0,100, -200.0, 30.0, 500)
BASIC_ENEMY(3600.0,264, -200.0, 90.0, 500)
BASIC_ENEMY(1505.0,621, -200.0, -80.0, 500)

WAVE(1)

SHOOTER_ENEMY(1500.0,356.0, -200.0, 30.0, 100)
SHOOTER_ENEMY(1564.0,561, -200.0, 2.0, 100)
SHOOTER_ENEMY(1267.0,459, -200.0, 45.0, 100)
SHOOTER_ENEMY(1633.0,256, -200.0, -87.0, 100)
SHOOTER_ENEMY(1523.0,562, -200.0, 41.0, 100)

WAVE(2)

BASIC_ENEMY(1500.7, 100.5, -200.0, 2.0, 500)
BASIC_ENEMY(1400.1,100.7, -200.0, 8.0, 500)
BASIC_ENEMY(1901.4,200.4, -200.0, 65.0, 500)
BASIC_ENEMY(3332.4,400.4, -200.0, -23.0, 500)
BASIC_ENEMY(2905.4,500.2, -200.0, 0.0, 500)
BASIC_ENEMY(2400.0,325, -200.0, 0.0, 500)
BASIC_ENEMY(1400.0,476, -200.0, 0.0, 500)
BASIC_ENEMY(1650.0,432, -200.0, 0.0, 500)
BASIC_ENEMY(1700.0,100, -200.0, 0.0, 500)
BASIC_ENEMY(1400.0,621, -200.0, 0.0, 500)

BOSS(400, 200, 5000)

BASIC_ENEMY(2300.0,264, -200.0, 0.0, 500)
BASIC_ENEMY(1500.7,100.5, -200.0, 0.0, 500)
BASIC_ENEMY(1400.1,100.7, -200.0, 0.0, 500)
BASIC_ENEMY(1901.4,200.4, -200.0, 0.0, 500)
BASIC_ENEMY(1532.4,400.4, -200.0, 0.0, 500)
BASIC_ENEMY(3005.4,500.2, -200.0, 0.0, 500)

WAVE(3)
BASIC_ENEMY(1500.7, 100.5, -200.0, 2.0, 500)

SHOOTER_ENEMY(1267.0,459, -200.0, 0.0, 100)
SHOOTER_ENEMY(1633.0,256, -200.0, 0.0, 100)
SHOOTER_ENEMY(1123.0,562, -200.0, 0.0, 100)
BOSS(800, 100, 5000)
